p -1.0 1.0 -1.0 -1.0 1.0 1.0 0.0 -1.0 1.0 0.0 0.0
b -1.0 1.0 0.0 -1.0 1.0 1.0 0.0 -1.0 1.0 0.0 0.0
t -1.0 1.0 -1.0 -1.0 1.0 -1.0 1.0 -1.0 -1.0 1.0 0.0
d -1.0 1.0 0.0 -1.0 1.0 -1.0 1.0 -1.0 -1.0 1.0 0.0
k -1.0 1.0 -1.0 -1.0 1.0 -1.0 -1.0 -1.0 -1.0 -1.0 0.0
g -1.0 1.0 0.0 -1.0 1.0 -1.0 -1.0 -1.0 -1.0 -1.0 0.0
f -0.5 1.0 -1.0 -1.0 0.0 -1.0 1.0 -1.0 1.0 0.0 0.0
v -0.5 1.0 0.0 -1.0 0.0 -1.0 1.0 -1.0 1.0 0.0 0.0
T -0.5 1.0 -1.0 -1.0 0.0 -1.0 1.0 -1.0 -1.0 0.0 0.0
D -0.5 1.0 0.0 -1.0 0.0 -1.0 1.0 -1.0 -1.0 0.0 0.0
s -0.5 1.0 -1.0 -1.0 0.0 -1.0 1.0 -1.0 -1.0 1.0 0.0
z -0.5 1.0 0.0 -1.0 0.0 -1.0 1.0 -1.0 -1.0 1.0 0.0
h -0.5 1.0 0.0 -1.0 0.0 -1.0 -1.0 1.0 -1.0 -1.0 -1.0
S -0.5 1.0 -1.0 -1.0 0.0 -1.0 0.0 -1.0 -1.0 0.0 0.0
B -0.5 1.0 0.0 -1.0 0.0 -1.0 0.0 -1.0 -1.0 0.0 0.0
C -0.8 1.0 -1.0 -1.0 1.0 -1.0 0.0 -1.0 -1.0 0.0 0.0
J -0.8 1.0 0.0 -1.0 1.0 -1.0 0.0 -1.0 -1.0 0.0 0.0
m 0.0 0.0 1.0 1.0 1.0 1.0 0.0 -1.0 1.0 0.0 0.0
n 0.0 0.0 1.0 1.0 1.0 -1.0 1.0 -1.0 -1.0 1.0 0.0
G 0.0 0.0 1.0 1.0 1.0 -1.0 -1.0 -1.0 -1.0 -1.0 0.0
r 0.5 0.0 1.0 0.0 -1.0 -1.0 -1.0 1.0 1.0 -1.0 -1.0
l 0.5 0.0 1.0 0.0 -1.0 -1.0 1.0 -1.0 -1.0 1.0 0.0
w 0.8 0.0 1.0 0.0 0.0 1.0 -1.0 -1.0 1.0 -1.0 0.0
j 0.8 0.0 1.0 0.0 0.0 -1.0 0.0 -1.0 -1.0 0.0 1.0
i 1.0 -1.0 1.0 0.0 0.0 -1.0 0.0 -1.0 -1.0 0.0 1.0
I 1.0 -1.0 1.0 0.0 0.0 -1.0 0.0 -1.0 -1.0 0.0 -1.0
E 1.0 -1.0 1.0 0.0 -1.0 -1.0 0.0 -1.0 -1.0 -1.0 1.0
e 1.0 -1.0 1.0 0.0 -1.0 -1.0 0.0 -1.0 -1.0 -1.0 -1.0
@ 1.0 -1.0 1.0 0.0 -1.0 -1.0 0.0 1.0 -1.0 -1.0 1.0
a 1.0 -1.0 1.0 0.0 -1.0 -1.0 -1.0 1.0 -1.0 -1.0 -1.0
x 1.0 -1.0 1.0 0.0 -1.0 -1.0 -1.0 -1.0 1.0 -1.0 -1.0
o 1.0 -1.0 1.0 0.0 -1.0 -1.0 -1.0 -1.0 1.0 -1.0 1.0
U 1.0 -1.0 1.0 0.0 0.0 -1.0 -1.0 -1.0 1.0 0.0 -1.0
u 1.0 -1.0 1.0 0.0 0.0 -1.0 -1.0 -1.0 1.0 0.0 1.0
^ 1.0 -1.0 1.0 0.0 -1.0 -1.0 -1.0 -1.0 -1.0 -1.0 -1.0
_ 0.0 0.0 0.0 0.0 0.0 0.0 0.0 0.0 0.0 0.0 0.0